$ANSIBLE_VAULT;1.1;AES256
61356335393231636438656230393830396634643634376139303865373334363632323132623334
3536653461373364363333643531353931313934663333300a376431623930353535646132356432
39393837633364313665343761623531623630623237393564636563333630666431363730323736
3565646638333230340a633738623733626139636638663264353830396261386437663136336563
33616264396434333531613233356238363335373238646261326366373630663637616330623534
31393830613934653134623831376265343730376533323332303533316262373933313437633436
33633236303336363766336533643633323938316330353835313764653131303865643134626333
63666263333765383832373838643765383166376138363031336232323837616438323835626263
37646638663164316239303365366133663962623662653564386462343262343335343661633665
61343736633539353161636166663334383935653262313831623266323733373634353135353237
30646635613464313930326365346563306333623865366532396531373738366132393761393161
38633233653236613364346134336362383931373132613230653533386365376135623364663865
32643636383362643462343433383865366138646238306437333532383736666365386232313565
62346364323939616230326366653037643838353133313064636339383139326461343263613661
63373764613632343562613163376235326662303032323066323333396366373064656561323134
64346665653464356664393732336365636438336533303538333239333965666666306231316566
34376637303236343035326436313731623535643436383061326230363738666537373237363134
64363366343831636462643362313239336430343733663164623539643066643866633930616535
303939383436316332343638613662666339
