$ANSIBLE_VAULT;1.1;AES256
35373539323761646533393135666562366662386162663365393238623764653035643736396639
3336313264303838643739653265323531333663646461660a663038633165663539303939393663
66373737663137326264303538613164663435383562383966636539613735393637326637363130
3733343161323164330a396236646662373730316331613765663239383964333630306338323432
30333932343261306661613163623366393266393562393834356132636166643031663334353961
38326261316236343136303033313837613836386264326438326363333665363632336436323636
66646266396533653037636332633733356364303464616236613536333964636461663736336331
64313830393037653263353838626132386139313237623634323836653531303837666461633262
64646638646465636235323035653536656431613535316665613733353734626162666233303561
65333932386262373836306466623733396536653866616361653132353735303532356639636632
37613035343930366238303461316266383662396633333536373261313431386461363336353864
39393964373430323161356239643637663839613231623365613636393138386165373039656661
38653032656166343234333734333634343737306433343664316362333334666639643339393034
64376130346664656435616531366161343632386161336634303762633836643035653433353739
306633323133623966336338373139373533
