$ANSIBLE_VAULT;1.1;AES256
64663730643934633363363738303361396338646365363466616338353632636162383565323362
3936626463376461653737373335306436633036663834660a323238303466366135306433393365
64373535316438646666303435386237303135633562643563393566343061333238636462393733
3662616463376230310a633036313339353965343339333064306236663965393062306337363063
62363465653031653139396665303236303239346362633366653838643166353465383537363762
63653830393139356262623265363337393237636533653865653234323132376166303935633535
35336665353233636264383865616238353337623062333235663832303061623561373465613031
31666135323834303365373037633832356463346636313034303838333864643932646532343466
38323135663164383963326565623636636261613563323835303632373031643130386131333566
31623133376564346139646233313363343065396362616338633837633732366562393933366661
303164633231303161373930666539356630
